Region	DNase	HET	TSS	acetylations	bivalent promoters	enhancers	exon	others	polycomb repressed	promoters	quescient	transcribed and enhancer	transcription	weak enhancers	weak transcription	znf
chr2:168870000-168970000	0.6	5.0	0.4	3.3099999999999996	1.6	16.400000000000002	0.0	0.69	27.6	1.4000000000000001	20.200000000000003	0.0	12.0	7.000000000000001	3.8	0.0
chr3:34450000-34510000	0.0	12.18	0.0	0.33333333333333337	0.0	3.0	0.0	5.666666666666666	0.0	0.0	73.48666666666666	0.0	0.0	5.333333333333334	0.0	0.0
chr6:79940000-80030000	0.4444444444444444	5.111111111111112	0.4444444444444444	3.111111111111111	3.5555555555555554	5.333333333333334	0.0	4.222222222222222	15.555555555555555	3.3333333333333335	16.666666666666664	1.7777777777777777	21.777777777777775	14.444444444444443	4.222222222222222	0.0
chr10:22180000-22240000	0.0	2.785	3.0	7.000000000000001	0.0	5.333333333333334	0.0	0.0	51.54833333333333	1.6666666666666667	25.0	0.0	0.0	3.6666666666666665	0.0	0.0
chr14:52510000-52730000	0.0	5.7272727272727275	1.0536363636363637	3.5454545454545454	0.18181818181818182	6.636363636363636	4.7272727272727275	1.090909090909091	1.6363636363636365	2.727272727272727	31.128181818181815	2.5454545454545454	23.363636363636363	1.5454545454545454	13.727272727272727	0.36363636363636365
chr8:100960000-101340000	0.4736842105263158	3.3157894736842106	0.2631578947368421	15.744210526315788	0.3157894736842105	25.894736842105264	0.42105263157894735	0.10526315789473684	18.894736842105264	3.1578947368421053	14.05263157894737	1.263157894736842	3.0	10.992631578947368	1.8421052631578945	0.2631578947368421
chr7:112380000-112460000	1.5	1.0	2.0	16.25	0.0	16.75	2.25	0.0	9.25	6.5	23.181250000000002	1.0	4.0687500000000005	16.25	0.0	0.0
chr1:112310000-112510000	0.3	3.5999999999999996	0.3	3.8	2.8000000000000003	10.5	0.2	0.5	32.800000000000004	2.9000000000000004	9.6	7.199999999999999	21.4	3.4000000000000004	0.5	0.2
chr5:11580000-11690000	0.0	9.272727272727273	0.0	1.2727272727272727	0.18181818181818182	8.181818181818182	0.0	0.0	0.0	0.0	62.727272727272734	0.0	0.0	18.363636363636363	0.0	0.0
chr21:42180000-42210000	0.0	2.666666666666667	0.0	2.666666666666667	0.0	38.666666666666664	0.0	0.0	23.333333333333332	0.6666666666666667	10.0	0.0	0.0	22.0	0.0	0.0
chr1:68480000-68500000	0.0	0.0	3.0	3.0	0.0	3.0	0.0	0.0	1.0	9.0	4.415	4.0	56.584999999999994	0.0	15.0	1.0
chr10:92620000-92680000	0.33333333333333337	10.0	0.0	2.3333333333333335	0.0	0.33333333333333337	0.33333333333333337	3.6666666666666665	1.0	0.0	23.261666666666667	0.6666666666666667	44.333333333333336	0.6666666666666667	13.071666666666667	0.0
chr16:5750000-5830000	0.0	21.5	0.0	0.5	0.0	3.5000000000000004	0.0	0.5	0.0	0.0	69.75	0.0	0.0	4.25	0.0	0.0
chr7:50030000-50130000	0.0	10.8	1.6	3.2	0.0	2.8000000000000003	0.0	5.0	31.4	1.0	39.4	0.0	0.0	4.8	0.0	0.0
chr2:214690000-214860000	0.0	2.235294117647059	0.5882352941176471	5.647058823529412	0.1176470588235294	4.235294117647059	1.2941176470588236	1.8094117647058823	1.1764705882352942	1.647058823529412	30.308235294117647	1.0588235294117647	30.470588235294116	3.882352941176471	13.176470588235295	2.3529411764705883
chr5:18010000-18060000	0.0	5.2	0.0	0.0	0.0	0.0	0.0	0.0	0.0	0.0	88.4	0.0	0.0	6.4	0.0	0.0
chr14:81590000-81790000	0.3	5.4	0.0	7.1	0.0	5.2	0.0	0.3	11.600000000000001	0.0	62.1	0.0	0.0	8.0	0.0	0.0
chr7:27620000-27980000	0.2777777777777778	1.6111111111111112	0.2777777777777778	5.777777777777778	0.0	15.166666666666668	1.1111111111111112	0.33333333333333337	3.6111111111111107	1.277777777777778	15.0	3.3888888888888893	23.2275	14.499999999999998	13.61111111111111	0.8280555555555555
chr1:160730000-160780000	0.8	4.8	0.0	8.38	0.0	24.4	0.0	0.0	5.220000000000001	0.0	14.399999999999999	0.0	0.0	42.0	0.0	0.0
chr4:94180000-94290000	0.0	2.0	0.5454545454545455	1.6363636363636365	0.0	1.6363636363636365	5.818181818181818	0.0	7.454545454545454	2.181818181818182	12.590000000000002	0.36363636363636365	56.13727272727272	0.0	9.636363636363637	0.0
chr6:116530000-116640000	0.7272727272727273	0.7272727272727273	0.7272727272727273	10.181818181818182	1.6363636363636365	12.397272727272728	1.6363636363636365	0.0	8.363636363636363	3.6363636363636362	21.05727272727273	1.8181818181818181	21.454545454545453	5.636363636363637	9.636363636363637	0.36363636363636365
chr20:29870000-29900000	0.0	0.0	0.0	0.0	0.0	0.0	0.0	0.0	0.0	0.0	0.0	0.0	0.0	0.0	0.0	0.0
chr8:28300000-29300000	0.33999999999999997	0.5	0.5599999999999999	3.9	0.8	14.26	3.5000000000000004	0.9199999999999999	5.06	2.1399999999999997	11.600000000000001	7.86	23.7	8.76	15.620000000000001	0.48
chr18:51770000-51910000	0.0	9.428571428571429	0.0	0.14285714285714285	0.0	1.4285714285714286	0.0	2.571428571428571	0.0	0.0	85.0	0.0	0.0	1.4285714285714286	0.0	0.0
chr2:167840000-168480000	0.1875	5.28125	0.28125	7.03125	0.03125	11.125	0.125	1.3265624999999999	2.21875	0.9375	24.21875	6.5484374999999995	16.5	12.812499999999998	10.875	0.5
chr14:30530000-30610000	0.0	2.75	0.25	3.25	0.0	6.5	2.25	0.0	12.5	3.25	10.9925	5.75	45.7575	0.0	4.5	2.25
chr6:138080000-138130000	1.6	3.5999999999999996	0.8	10.674	4.8	18.8	0.0	1.6	22.0	2.8000000000000003	10.526	6.4	9.2	2.0	4.0	1.2
chr1:207260000-207420000	0.25	4.590625	0.25	5.159375	0.0	24.625	0.625	0.8750000000000001	1.125	1.875	24.75	3.75	12.625	12.125	5.125	2.25
chr7:153040000-153310000	0.07407407407407407	32.74074074074074	0.0	0.14814814814814814	0.07407407407407407	0.3703703703703704	0.0	4.0	0.14814814814814814	0.0	60.96296296296296	0.0	0.0	1.4814814814814816	0.0	0.0
chr13:92710000-92740000	0.0	5.510000000000001	0.0	0.6666666666666667	0.0	1.3333333333333335	0.0	0.0	0.0	0.0	81.15666666666667	0.0	0.0	11.333333333333332	0.0	0.0
chr15:90410000-90450000	0.0	0.0	0.0	0.0	0.0	9.0	9.08	0.0	0.0	2.5	2.92	21.5	51.5	0.0	3.5000000000000004	0.0
chr9:30330000-30540000	0.0	8.857142857142856	0.0	0.09523809523809523	0.0	0.4761904761904762	0.0	5.142857142857142	0.0	0.0	81.9047619047619	0.0	0.0	3.5238095238095237	0.0	0.0
chr6:116520000-116620000	0.8	0.4	0.8	13.200000000000001	1.7999999999999998	13.600000000000001	1.6	0.0	9.0	4.0	18.2	1.6	20.200000000000003	8.0	6.6000000000000005	0.2
chr2:111970000-112270000	0.4	5.533333333333333	0.5333333333333333	5.133333333333334	1.2666666666666666	11.933333333333334	3.3333333333333335	1.0666666666666667	5.466666666666667	1.9333333333333333	13.666666666666666	4.3999999999999995	18.2	8.799999999999999	16.400000000000002	1.9333333333333333
chr9:120960000-121100000	0.8571428571428572	1.5714285714285716	0.7142857142857143	4.0	0.0	15.428571428571427	0.5714285714285714	0.4285714285714286	1.7142857142857144	1.5714285714285716	18.714285714285715	0.5714285714285714	11.714285714285715	8.571428571428571	33.285714285714285	0.2857142857142857
chr10:114790000-114970000	0.1111111111111111	1.1111111111111112	0.4444444444444444	10.245	0.0	11.777777777777777	3.5555555555555554	0.0	2.7777777777777777	3.0	19.333333333333332	5.444444444444444	25.666666666666664	10.866111111111111	4.777777777777778	0.8888888888888888
chr12:9800000-9940000	0.14285714285714285	9.142857142857142	2.4285714285714284	5.571428571428571	0.14285714285714285	12.285714285714286	0.0	1.1428571428571428	13.854285714285714	0.7142857142857143	32.43142857142857	0.14285714285714285	6.0	13.571428571428571	1.4285714285714286	1.0
chr2:160940000-161270000	0.36363636363636365	2.9696969696969697	0.4242424242424243	13.696969696969695	0.48484848484848486	11.272727272727273	0.9090909090909091	3.212121212121212	4.363636363636364	1.5151515151515151	23.973030303030303	2.6060606060606064	14.969696969696969	15.36030303030303	3.272727272727273	0.6060606060606061
chr10:3540000-3680000	0.14285714285714285	6.714285714285714	0.2857142857142857	29.714285714285715	0.0	12.142857142857142	0.0	1.1428571428571428	3.1428571428571432	0.2857142857142857	30.142857142857142	0.0	0.0	16.28571428571429	0.0	0.0
chr10:110160000-110200000	0.0	0.5	0.0	1.5	9.5	10.0	0.0	0.0	72.0	0.0	5.0	0.0	0.0	1.5	0.0	0.0
chr1:200140000-200180000	0.18	0.0	0.0	23.32	0.0	20.0	0.0	0.0	0.0	0.0	27.500000000000004	0.0	0.0	20.5	8.5	0.0
chr5:160360000-160490000	0.15384615384615385	2.307692307692308	1.0769230769230769	2.4615384615384617	1.0769230769230769	16.30230769230769	2.307692307692308	0.7692307692307693	8.0	6.615384615384616	8.615384615384615	3.230769230769231	15.230769230769232	29.236153846153844	2.4615384615384617	0.15384615384615385
chr4:122160000-122300000	0.0	0.0	0.0	0.14285714285714285	0.0	0.8571428571428572	6.571428571428571	0.8571428571428572	0.0	0.0	5.253571428571428	0.7142857142857143	58.88928571428571	0.5714285714285714	26.142857142857146	0.0
chr1:39700000-39740000	1.0	0.0	0.5	0.0	4.5	3.0	0.0	0.0	84.82	5.680000000000001	0.5	0.0	0.0	0.0	0.0	0.0
chr14:51800000-52260000	0.26086956521739135	5.913043478260869	0.21739130434782608	13.173913043478262	0.5652173913043479	11.130434782608695	1.1304347826086958	2.608695652173913	9.086956521739129	1.6956521739130437	15.26086956521739	2.4782608695652173	8.347826086956523	23.391304347826086	3.4347826086956523	1.3043478260869565
chr9:25340000-25410000	0.0	12.574285714285715	0.0	0.0	0.0	1.7142857142857144	0.0	0.0	0.0	0.0	78.28285714285714	0.0	0.0	7.428571428571429	0.0	0.0
chr13:19120000-19190000	0.0	93.42857142857143	0.0	0.0	0.0	0.0	0.0	0.0	0.0	0.0	6.571428571428571	0.0	0.0	0.0	0.0	0.0
chr4:159380000-159410000	0.0	4.666666666666667	0.0	50.50666666666667	1.3333333333333335	9.333333333333334	0.0	0.0	11.333333333333332	0.6666666666666667	18.0	0.0	0.0	4.16	0.0	0.0
chr4:126660000-126760000	0.0	2.8000000000000003	0.0	13.355	0.0	21.4	0.0	0.0	0.0	0.0	49.245	0.0	0.0	13.200000000000001	0.0	0.0
chr1:198070000-198140000	0.0	1.4285714285714286	0.0	23.42857142857143	0.0	16.28571428571429	0.0	1.7142857142857144	3.1428571428571432	0.0	35.14285714285714	0.0	0.0	18.857142857142858	0.0	0.0
chr17:6830000-6860000	1.3333333333333335	1.3333333333333335	0.6666666666666667	0.6666666666666667	6.666666666666667	8.0	0.0	0.0	61.60333333333333	0.0	1.3333333333333335	0.0	8.396666666666667	10.0	0.0	0.0
chr13:68150000-68340000	0.0	10.210526315789474	0.0	0.7368421052631579	0.0	2.2105263157894735	0.0	2.2800000000000002	0.0	0.0	81.50947368421053	0.0	0.0	3.052631578947368	0.0	0.0
chr21:39840000-39970000	0.3076923076923077	28.154615384615383	0.0	1.6923076923076923	0.15384615384615385	3.076923076923077	0.0	0.0	2.307692307692308	0.0	55.38307692307692	0.0	0.0	8.923846153846155	0.0	0.0
chr4:181190000-181310000	0.16666666666666669	4.833333333333333	0.0	0.8333333333333334	0.0	3.166666666666667	0.0	0.0	0.33333333333333337	0.0	69.46083333333334	0.0	0.0	21.20583333333333	0.0	0.0
chr5:54970000-55050000	0.0	5.035	0.0	9.5	1.7500000000000002	25.465	0.0	0.0	9.75	0.0	25.0	0.25	0.0	23.25	0.0	0.0
chr2:134280000-134630000	0.2285714285714286	4.285714285714286	0.0	7.020285714285714	0.1142857142857143	8.457142857142857	1.8285714285714287	1.0285714285714285	15.942857142857141	0.17142857142857143	9.828571428571427	7.428571428571429	14.17142857142857	19.32257142857143	9.828571428571427	0.34285714285714286
chr3:120320000-120370000	0.0	0.0	0.0	2.4	0.0	3.5999999999999996	1.6	0.0	23.294	5.2	10.706	6.800000000000001	30.4	2.0	9.2	4.8
chr10:89600000-89780000	0.0	2.666666666666667	0.5555555555555556	2.2222222222222223	0.0	6.555555555555556	1.5555555555555556	0.0	1.0	3.0	17.333333333333336	4.579444444444444	36.11111111111111	9.11111111111111	14.309444444444445	1.0
chr2:96620000-96760000	0.0	0.2857142857142857	0.5714285714285714	12.571428571428573	0.4285714285714286	9.526428571428571	8.714285714285715	0.0	13.571428571428571	3.0	17.71428571428571	4.571428571428571	16.902142857142856	2.0	9.857142857142858	0.2857142857142857
chr2:174190000-174270000	0.25	0.5	0.5	2.75	0.0	3.75	1.5	0.66	8.5	2.5	11.25	3.25	61.09	2.0	0.5	1.0
chr1:221500000-221940000	0.0	3.272727272727273	0.18181818181818182	28.09090909090909	0.0	12.090909090909092	0.5	0.4090909090909091	1.0	0.9090909090909091	30.831363636363633	4.409090909090909	1.4545454545454546	16.623181818181816	0.09090909090909091	0.13636363636363638
chr17:11590000-11820000	0.17391304347826086	18.383913043478262	0.26086956521739135	0.6086956521739131	0.5217391304347827	3.91304347826087	0.0	0.17391304347826086	2.6956521739130435	0.08695652173913043	68.13782608695652	0.0	0.0	5.043478260869565	0.0	0.0
chr21:33950000-34100000	0.0	9.600666666666667	0.6666666666666667	12.0	0.0	17.799333333333333	1.4666666666666666	0.0	6.133333333333333	3.4666666666666663	18.666666666666668	6.533333333333332	7.666666666666666	14.933333333333335	1.0666666666666667	0.0
chr5:95480000-96050000	0.14035087719298245	1.0175438596491229	0.42105263157894735	13.263157894736842	0.8421052631578947	19.386666666666667	1.5438596491228072	0.14035087719298245	0.6666666666666667	3.3684210526315788	15.052631578947368	9.333333333333334	23.13964912280702	5.017543859649122	6.175438596491229	0.4912280701754386
chr14:55360000-55640000	0.4285714285714286	2.071428571428571	0.2142857142857143	8.285714285714285	0.35714285714285715	11.642857142857142	2.071428571428571	0.5	5.642857142857142	1.7857142857142856	24.357142857142858	8.285714285714285	21.11357142857143	8.0	4.672142857142857	0.5714285714285714
chr6:135190000-135900000	0.28169014084507044	3.267605633802817	0.056338028169014086	11.492957746478872	0.22535211267605634	12.647887323943664	0.19718309859154928	2.225352112676056	1.5492957746478873	0.5070422535211268	34.526478873239434	0.647887323943662	6.769295774647888	14.535211267605632	9.690140845070424	1.380281690140845
chr20:37980000-38130000	0.4	0.4	0.0	13.733333333333334	0.0	8.799999999999999	11.333333333333332	0.0	0.0	2.0	3.4666666666666663	22.26666666666667	31.2	1.866666666666667	2.2666666666666666	2.2666666666666666
chr21:40750000-40800000	0.0	19.052	0.0	0.0	0.0	1.2	0.0	0.0	0.0	0.0	71.748	0.0	0.0	8.0	0.0	0.0
chr3:27280000-27930000	0.21538461538461537	3.6615384615384614	0.3692307692307692	12.984615384615383	1.5076923076923077	12.276923076923078	0.7076923076923077	1.0153846153846153	9.569230769230769	0.7692307692307693	26.32446153846154	1.4461538461538461	12.492307692307692	11.275538461538462	4.676923076923077	0.7076923076923077
chr2:60900000-60990000	0.0	0.0	0.0	1.5555555555555556	0.0	13.333333333333334	3.7777777777777777	1.7777777777777777	0.0	0.0	13.705555555555557	2.666666666666667	22.73888888888889	14.222222222222221	25.77777777777778	0.4444444444444444
chr11:33750000-33820000	0.5714285714285714	0.0	0.2857142857142857	0.8571428571428572	4.285714285714286	4.0	4.0	0.0	52.208571428571425	3.1428571428571432	2.0	2.857142857142857	20.857142857142858	0.5714285714285714	3.505714285714286	0.8571428571428572
chr1:154580000-154670000	0.3066666666666667	5.777777777777778	0.2222222222222222	0.0	0.0	3.111111111111111	20.137777777777778	0.0	27.333333333333332	5.555555555555555	8.666666666666668	12.666666666666668	13.777777777777779	2.0	0.4444444444444444	0.0
chr3:150740000-150820000	0.25	1.0	1.0	9.75	0.0	14.26625	1.0	0.73375	20.25	5.0	19.25	15.75	5.75	6.0	0.0	0.0
chr9:118870000-119170000	0.0	3.4666666666666663	0.0	2.4	0.0	5.066666666666666	0.0	3.5999999999999996	0.5333333333333333	0.0	70.70733333333334	0.0	0.0	14.225999999999999	0.0	0.0
chr14:60050000-60220000	0.35294117647058826	2.588235294117647	0.35294117647058826	4.0	0.0	8.705882352941176	3.294117647058824	1.1764705882352942	6.0	3.5294117647058822	22.518823529411762	5.176470588235294	22.941176470588236	13.951764705882352	5.411764705882352	0.0
chr13:89680000-89770000	0.2222222222222222	3.3333333333333335	0.0	1.5555555555555556	0.0	6.222222222222222	0.0	0.0	0.0	0.0	84.66666666666667	0.0	0.0	4.0	0.0	0.0
chr12:91670000-91990000	0.125	5.007187500000001	0.0	13.750000000000002	0.0	14.305000000000001	0.0	2.6875	0.3125	0.0	42.625	0.0	0.0	21.1878125	0.0	0.0
chr4:135660000-135790000	0.0	7.6923076923076925	0.0	0.3076923076923077	0.0	0.0	0.0	5.6923076923076925	0.0	0.0	81.6923076923077	0.0	0.0	4.615384615384616	0.0	0.0
chr11:11790000-12190000	0.31325	1.7000000000000002	0.35000000000000003	17.549999999999997	1.2	13.8	1.55	0.2	4.0	2.0	8.4	16.43675	22.7	5.25	4.25	0.3
chr12:91680000-91990000	0.12903225806451613	5.161290322580645	0.0	13.806451612903226	0.0	14.386774193548387	0.0	2.7741935483870965	0.3225806451612903	0.0	42.645161290322584	0.0	0.0	20.774516129032257	0.0	0.0
chr1:200550000-200730000	0.4444444444444444	0.0	0.4444444444444444	7.817777777777778	0.0	10.626666666666667	1.6666666666666667	0.0	1.8888888888888888	2.2222222222222223	22.555555555555557	3.111111111111111	27.22222222222222	4.888888888888889	17.11111111111111	0.0
chr14:30570000-30620000	0.4	0.0	0.0	0.0	0.0	0.41200000000000003	4.0	0.0	0.0	0.0	2.8000000000000003	5.988	69.19999999999999	0.8	12.8	3.5999999999999996
chr10:104090000-104260000	0.4705882352941176	5.647058823529412	0.5882352941176471	4.117647058823529	0.2352941176470588	21.083529411764708	0.32823529411764707	0.0	36.705882352941174	3.882352941176471	18.352941176470587	1.0588235294117647	1.1764705882352942	5.647058823529412	0.7058823529411765	0.0
chr10:64860000-64930000	0.0	11.428571428571429	0.0	0.5714285714285714	0.0	8.571428571428571	0.0	9.082857142857142	0.0	0.0	68.63142857142857	0.0	0.0	1.7142857142857144	0.0	0.0
chr8:80850000-80960000	0.5454545454545455	5.636363636363637	0.9090909090909091	3.272727272727273	1.4545454545454546	20.909090909090907	0.0	0.0	26.36363636363636	1.6363636363636365	17.05909090909091	0.18181818181818182	0.18181818181818182	19.668181818181818	2.181818181818182	0.0
chr13:24620000-24680000	0.0	1.6666666666666667	0.0	16.0	0.5633333333333334	32.666666666666664	0.0	0.0	17.666666666666668	1.0	22.666666666666664	0.0	0.0	7.7700000000000005	0.0	0.0
chr2:115540000-115720000	0.0	10.666666666666668	0.0	0.1111111111111111	0.0	0.7777777777777778	0.0	1.5555555555555556	0.0	0.0	79.33333333333333	0.0	0.0	7.555555555555555	0.0	0.0
chr13:48560000-49010000	0.5333333333333333	14.355555555555554	0.08888888888888889	15.2	0.3111111111111111	20.058666666666667	0.0	0.2222222222222222	6.488888888888889	1.6	22.311111111111114	0.4444444444444444	5.066666666666666	12.133333333333333	0.43022222222222223	0.7555555555555555
chr1:107570000-108000000	0.27906976744186046	1.627906976744186	0.13953488372093023	1.441860465116279	0.046511627906976744	19.865581395348837	0.0	0.8372093023255814	2.6511627906976742	0.5581395348837209	15.157674418604653	0.09302325581395349	4.046511627906977	30.418604651162788	21.813953488372093	1.0232558139534882
chr20:55300000-55460000	0.125	8.25	0.0	0.0	0.0	1.375	0.0	0.0	0.0	0.0	85.375	0.0	0.0	4.875	0.0	0.0
chr2:62160000-62340000	0.0	5.888888888888888	0.5555555555555556	11.444444444444445	0.0	16.666666666666664	0.4444444444444444	0.2222222222222222	1.5555555555555556	4.0	22.519444444444446	9.444444444444445	5.777777777777778	20.369444444444447	0.8888888888888888	0.2222222222222222
chr5:159210000-159260000	0.0	0.0	0.0	1.2	0.0	20.4	0.0	0.0	53.616	1.184	18.8	0.0	0.0	4.8	0.0	0.0
chr7:148560000-148700000	0.4285714285714286	5.142857142857142	0.2857142857142857	16.714285714285715	0.4285714285714286	13.285714285714286	0.0	1.2857142857142856	23.505714285714284	1.4942857142857142	26.142857142857146	0.0	0.0	11.285714285714285	0.0	0.0
chr5:55120000-55180000	0.6666666666666667	3.0	1.0	11.666666666666666	7.000000000000001	3.6666666666666665	0.0	0.0	47.0	1.6666666666666667	11.0	2.3333333333333335	4.0	4.333333333333334	2.666666666666667	0.0
chr3:156440000-157120000	0.0588235294117647	3.7941176470588234	0.08823529411764706	13.117647058823529	0.17647058823529413	21.557205882352942	1.647058823529412	2.235294117647059	4.147058823529412	2.2941176470588234	27.294117647058826	2.823529411764706	3.294117647058824	16.501617647058822	0.9411764705882352	0.02941176470588235
chr6:25010000-25140000	0.46153846153846156	0.9230769230769231	0.46153846153846156	6.0	0.0	20.153846153846153	0.3076923076923077	0.0	0.0	1.0769230769230769	11.692307692307692	2.1538461538461537	20.76923076923077	22.30769230769231	11.538461538461538	2.1538461538461537
chr6:163900000-164240000	0.17647058823529413	13.009411764705883	0.0	8.058823529411764	0.4705882352941176	10.470588235294118	0.0	1.588235294117647	3.5882352941176467	0.1176470588235294	41.04941176470589	0.0	0.0	21.470588235294116	0.0	0.0
chr1:200550000-200750000	0.4	0.0	0.6	7.436	0.0	10.4	1.5	0.0	3.3000000000000003	3.9	21.3	4.3999999999999995	26.764	4.6	15.4	0.0
chr4:148820000-149410000	0.1016949152542373	6.8474576271186445	0.0	11.084745762711865	0.0	5.449491525423729	0.0	4.6440677966101696	0.9152542372881356	0.0	60.821694915254234	0.0	0.0	10.135593220338983	0.0	0.0
chr5:160360000-160500000	0.14285714285714285	2.142857142857143	1.0	3.0	1.0	16.714285714285715	2.142857142857143	0.7142857142857143	7.428571428571429	6.142857142857143	8.857142857142856	3.0	14.142857142857142	31.142857142857146	2.2857142857142856	0.14285714285714285
chr14:84380000-84490000	0.0	8.181818181818182	0.0	6.3127272727272725	0.0	6.0	0.0	1.2727272727272727	0.0	0.0	69.50545454545455	0.0	0.0	8.727272727272728	0.0	0.0
chr1:238310000-238370000	0.0	11.666666666666666	0.0	0.0	0.0	6.0	0.0	0.0	0.0	0.0	77.0	0.0	0.0	5.333333333333334	0.0	0.0
chr6:83030000-83300000	0.4444444444444444	0.6666666666666667	0.2962962962962963	2.9629629629629632	0.0	4.962962962962963	3.6296296296296298	1.4814814814814816	0.7407407407407408	2.2222222222222223	21.48148148148148	2.3703703703703702	32.07407407407407	6.296296296296296	18.858888888888888	1.5114814814814814
chr12:9770000-9940000	0.35294117647058826	8.235294117647058	2.0	5.529411764705882	0.1176470588235294	14.23529411764706	0.0	0.9411764705882352	11.409411764705881	0.5882352941176471	29.88235294117647	0.1176470588235294	4.941176470588235	19.64941176470588	1.1764705882352942	0.823529411764706
chr1:222540000-222620000	0.25	1.5	1.0	4.5	0.0	8.5	3.0	0.0	15.5	5.0	16.5	2.4275	27.750000000000004	4.0725	9.0	1.0
chr21:14390000-14540000	0.26666666666666666	5.733333333333333	0.0	3.2	0.0	12.933333333333334	0.0	1.3333333333333335	1.0666666666666667	0.0	41.199999999999996	0.0	10.4	13.866666666666665	8.133333333333333	1.866666666666667
chr4:89120000-89290000	0.4705882352941176	2.3529411764705883	0.0	6.264117647058824	0.0	18.705882352941178	0.0	1.0588235294117647	12.352941176470589	0.1176470588235294	28.705882352941174	1.1764705882352942	0.7058823529411765	27.14764705882353	0.9411764705882352	0.0
chr2:183060000-183190000	0.3076923076923077	2.0	0.6153846153846154	5.538461538461538	0.3076923076923077	5.747692307692308	1.6923076923076923	1.8461538461538463	12.923076923076923	2.6153846153846154	18.923076923076923	2.1538461538461537	27.076923076923077	3.3846153846153846	8.559999999999999	6.3076923076923075
chr6:36160000-36530000	0.21621621621621623	3.081081081081081	0.5405405405405406	5.351351351351352	1.4054054054054055	15.081081081081079	7.027027027027027	0.0	21.675675675675677	2.324324324324324	12.546756756756757	4.27027027027027	19.02081081081081	4.486486486486487	2.7567567567567566	0.21621621621621623
chr6:159830000-160000000	0.7058823529411765	3.6470588235294117	0.35294117647058826	4.823529411764706	0.1176470588235294	16.45176470588235	0.35294117647058826	0.0	32.70588235294118	1.7647058823529411	12.588235294117647	7.665882352941177	5.411764705882352	13.176470588235295	0.0	0.2352941176470588
chr6:157320000-157490000	0.0	4.0	1.0588235294117647	6.352941176470588	0.9411764705882352	20.842352941176472	0.0	0.5882352941176471	23.647058823529413	3.4117647058823533	18.941176470588236	0.1176470588235294	2.334117647058824	14.117647058823529	3.5294117647058822	0.1176470588235294
chr2:213090000-213300000	0.5714285714285714	1.8095238095238095	0.6666666666666667	12.095238095238095	0.0	11.714285714285715	0.0	0.8571428571428572	0.2857142857142857	2.666666666666667	20.476190476190474	0.6666666666666667	4.036190476190476	42.57142857142857	1.4876190476190476	0.09523809523809523
chr6:161540000-162350000	0.12345679012345678	10.888888888888888	0.02469135802469136	5.08641975308642	0.12345679012345678	6.0	0.0	1.1358024691358024	0.5432098765432098	0.0	62.543209876543216	0.0	0.0	13.506172839506172	0.02469135802469136	0.0
chr2:200300000-200820000	0.3076923076923077	2.0	0.34615384615384615	8.76923076923077	0.38461538461538464	16.384615384615383	2.5384615384615383	1.153846153846154	4.923076923076923	2.1153846153846154	8.437884615384615	8.76923076923077	21.331346153846155	7.269230769230769	14.000000000000002	1.2692307692307692
chr5:25280000-25400000	0.0	15.666666666666668	0.0	0.5	0.0	0.8333333333333334	0.0	5.5	0.0	0.0	75.0	0.0	0.0	2.5	0.0	0.0
chr2:174180000-174270000	0.2222222222222222	0.4444444444444444	0.4444444444444444	2.4444444444444446	0.0	3.3333333333333335	1.3333333333333335	0.5866666666666667	7.555555555555555	2.2222222222222223	10.444444444444445	4.222222222222222	63.635555555555555	1.7777777777777777	0.4444444444444444	0.8888888888888888
chr9:102970000-103060000	0.0	13.333333333333334	0.0	0.0	0.0	0.0	0.0	5.555555555555555	0.0	0.0	79.33333333333333	0.0	0.0	1.7777777777777777	0.0	0.0
chr14:20320000-20590000	0.2222222222222222	1.4074074074074074	0.962962962962963	4.518518518518518	0.5185185185185185	15.333333333333332	14.666666666666666	1.2592592592592593	12.05888888888889	5.111111111111112	12.074074074074074	3.7777777777777777	14.978148148148149	10.074074074074074	3.037037037037037	0.0
chr12:119990000-120070000	0.0	2.0	0.0	2.75	1.745	14.000000000000002	0.0	1.7500000000000002	11.25	0.0	23.0	0.5	1.7500000000000002	28.249999999999996	13.004999999999999	0.0
chr12:45820000-46340000	0.23076923076923078	11.653846153846153	0.19230769230769232	4.538461538461538	0.038461538461538464	8.384615384615385	2.923076923076923	0.5	6.961538461538462	1.9230769230769231	16.18903846153846	6.153846153846154	25.73403846153846	6.615384615384616	6.0	1.9615384615384615
chr3:117010000-117220000	0.19047619047619047	2.857142857142857	0.0	7.406190476190476	0.0	12.285714285714286	0.0	2.1904761904761907	1.6190476190476188	0.09523809523809523	50.59380952380952	0.0	0.0	22.76190476190476	0.0	0.0
chr5:55320000-55570000	0.32	0.32	0.08	3.2800000000000002	0.24	10.3312	4.4799999999999995	0.0	0.16	0.96	8.16	6.5600000000000005	42.7888	8.32	9.6	4.3999999999999995
chr6:105290000-105830000	0.2222222222222222	6.555555555555556	0.1111111111111111	17.421296296296298	0.0	18.40740740740741	1.1481481481481481	1.5185185185185186	1.7777777777777777	0.4444444444444444	24.555555555555557	3.185185185185185	9.148148148148149	11.060185185185185	3.851851851851852	0.5925925925925926
chr1:7960000-8420000	0.26086956521739135	1.565217391304348	0.21739130434782608	36.173913043478265	1.1739130434782608	16.508695652173913	5.360869565217391	0.0	1.9130434782608694	2.043478260869565	12.565217391304348	8.869565217391303	5.0	4.521739130434783	3.826086956521739	0.0
chr2:46200000-46400000	0.3	3.5000000000000004	0.3	19.6305	1.7999999999999998	15.6	0.2	0.0	3.8	2.4	12.2	21.8	12.2	5.2695	0.8	0.2
chr6:117420000-117560000	0.4285714285714286	0.2857142857142857	0.4285714285714286	13.0	1.0	17.0	0.0	0.0	9.312142857142858	2.0	13.428571428571429	14.285714285714285	20.142857142857142	4.714285714285714	3.9735714285714283	0.0
chr18:65990000-66020000	0.0	13.333333333333334	0.0	0.0	0.0	0.0	0.0	1.3333333333333335	0.0	0.0	78.66666666666666	0.0	0.0	6.666666666666667	0.0	0.0
chr8:114670000-114710000	0.0	3.5000000000000004	0.0	0.5	0.0	0.0	0.0	0.0	0.0	0.0	85.5	0.0	0.0	10.5	0.0	0.0
chr17:47150000-47390000	0.25	4.083333333333333	0.5	15.5	1.7500000000000002	12.833333333333332	2.0975	2.3333333333333335	2.833333333333333	2.4166666666666665	16.985833333333332	3.0833333333333335	11.833333333333334	7.833333333333334	14.583333333333334	1.0833333333333335
chr1:86890000-86970000	0.25	2.25	0.5	0.0	0.0	4.0	0.5	0.0	0.0	5.25	7.103750000000001	5.5	67.39625000000001	0.0	1.5	5.75
chr10:110160000-110210000	0.0	0.4	3.116	1.2	10.0	12.4	0.0	0.0	64.484	2.4	4.8	0.0	0.0	1.2	0.0	0.0
chr6:127930000-128020000	0.0	2.4444444444444446	0.0	6.222222222222222	0.0	5.333333333333334	0.6666666666666667	2.727777777777778	0.2222222222222222	0.0	29.11111111111111	4.444444444444445	9.333333333333334	24.22222222222222	15.272222222222224	0.0
chr15:23440000-23710000	0.2962962962962963	43.851851851851855	1.1111111111111112	0.6666666666666667	1.1851851851851851	5.037037037037037	0.0	3.6296296296296298	5.185185185185185	0.14814814814814814	36.37037037037037	0.0	0.962962962962963	1.3333333333333335	0.0	0.2222222222222222
chr10:22320000-22370000	0.0	0.0	4.8	1.6	15.2	7.858	0.4	2.4	37.2	6.542000000000001	14.399999999999999	0.8	5.2	3.2	0.4	0.0
chr4:101320000-101630000	0.0	8.32258064516129	0.3870967741935484	9.806451612903226	0.12903225806451613	4.645161290322581	0.0	7.483870967741936	3.6774193548387095	0.967741935483871	52.88935483870968	1.935483870967742	5.884838709677419	3.870967741935484	0.0	0.0
chr2:64450000-64630000	0.4444444444444444	0.4444444444444444	1.0	1.6666666666666667	0.5555555555555556	14.000000000000002	1.5555555555555556	1.3333333333333335	25.258888888888887	3.888888888888889	3.3333333333333335	4.444444444444445	27.963333333333335	9.333333333333334	4.555555555555555	0.2222222222222222
chr15:83030000-83090000	0.33333333333333337	5.333333333333334	0.33333333333333337	0.0	0.0	2.666666666666667	9.08	0.0	13.919999999999998	7.333333333333333	5.666666666666666	8.0	36.0	9.333333333333334	1.0	1.0
chr4:166800000-166930000	0.0	6.923076923076923	0.0	1.3846153846153846	0.0	2.6153846153846154	0.0	0.0	0.0	0.0	83.6923076923077	0.0	0.0	5.384615384615385	0.0	0.0
chr8:1020000-1130000	0.0	54.72727272727273	0.0	5.636363636363637	0.36363636363636365	4.909090909090909	0.0	1.6363636363636365	3.4545454545454546	0.0	24.727272727272727	0.0	0.0	4.545454545454546	0.0	0.0
chr3:107890000-108110000	0.09090909090909091	1.090909090909091	0.27272727272727276	14.363636363636365	0.18181818181818182	17.18181818181818	0.45454545454545453	0.0	14.181818181818182	2.8181818181818183	12.272727272727273	4.363636363636364	12.0	17.09090909090909	3.6363636363636362	0.0
